0.000010 0.000010 0.827201 0.000010 0.000010 0.000010 0.172739 0.000010
0.000010 0.000010 0.000010 0.000010 0.000010 0.000010 0.999930 0.000010
0.000010 0.065538 0.756225 0.000010 0.000010 0.000010 0.178187 0.000010
0.000010 0.000010 0.840457 0.000010 0.000010 0.000010 0.159483 0.000010
0.263846 0.000010 0.000010 0.068793 0.000010 0.456807 0.000010 0.210514
0.266003 0.000010 0.000010 0.064712 0.000010 0.460436 0.000010 0.208809
0.270910 0.003124 0.000010 0.081960 0.000010 0.408497 0.003538 0.231951
0.082297 0.000010 0.000010 0.488747 0.000010 0.428906 0.000010 0.000010
0.117292 0.000010 0.000010 0.475257 0.000010 0.407402 0.000010 0.000010
0.000010 0.000010 0.000010 0.999930 0.000010 0.000010 0.000010 0.000010
0.000011 0.000010 0.000011 0.999928 0.000010 0.000010 0.000010 0.000010
0.000010 0.000010 0.000010 0.999930 0.000010 0.000010 0.000010 0.000010
0.000010 0.010899 0.000010 0.000010 0.000010 0.989041 0.000010 0.000010
0.245147 0.000018 0.000010 0.049898 0.000825 0.504916 0.000010 0.199176
0.282195 0.004034 0.000010 0.107465 0.000010 0.389018 0.000010 0.217257
0.293866 0.015257 0.000010 0.081354 0.000010 0.378559 0.000010 0.230934
0.283225 0.016182 0.000010 0.074044 0.000010 0.384631 0.000010 0.241888
0.418418 0.000010 0.000010 0.063584 0.000010 0.355701 0.000010 0.162258
0.351411 0.009392 0.000010 0.077536 0.000010 0.365159 0.000010 0.196473
0.435463 0.006706 0.000010 0.065774 0.000010 0.328954 0.000180 0.162905
0.380520 0.000010 0.000010 0.080325 0.000010 0.363912 0.000086 0.175127
0.376520 0.000010 0.000010 0.084342 0.000010 0.354543 0.000010 0.184555
0.416228 0.000010 0.000010 0.077518 0.000010 0.329816 0.000010 0.176397
0.492813 0.000010 0.000010 0.065662 0.000010 0.304919 0.000010 0.136566
0.440649 0.000011 0.000010 0.112898 0.000010 0.383935 0.000010 0.062478
0.432651 0.000010 0.000010 0.114694 0.000010 0.369006 0.000010 0.083610
0.423436 0.000010 0.000010 0.117107 0.000010 0.392222 0.000010 0.067195
0.086492 0.000010 0.005656 0.456401 0.000010 0.451411 0.000010 0.000010
0.000010 0.023953 0.000010 0.000010 0.000010 0.975229 0.000767 0.000010
0.286558 0.006100 0.000010 0.087097 0.000010 0.387158 0.000010 0.233057
0.218412 0.000010 0.000623 0.241416 0.000010 0.496473 0.000010 0.043046
0.223410 0.000010 0.000182 0.206751 0.000010 0.527834 0.000010 0.041792
0.188012 0.000010 0.008329 0.207275 0.000010 0.580750 0.000010 0.015605
0.240429 0.000010 0.000010 0.235194 0.000010 0.461226 0.000010 0.063111
0.171667 0.000010 0.002996 0.212524 0.000010 0.504916 0.000010 0.107867
0.000010 0.000010 0.000010 0.000010 0.000010 0.999930 0.000010 0.000010
0.000010 0.000010 0.000010 0.000015 0.000010 0.999925 0.000010 0.000010
0.000010 0.000010 0.000010 0.000010 0.000010 0.999930 0.000010 0.000010
0.158522 0.000010 0.000010 0.285205 0.000010 0.476502 0.000010 0.079731
0.000010 0.000010 0.000010 0.000010 0.000010 0.999930 0.000010 0.000010
0.152631 0.000010 0.000010 0.269468 0.000010 0.517542 0.000010 0.060319
0.148704 0.000010 0.002219 0.264684 0.000010 0.533016 0.000010 0.051347
0.154198 0.000010 0.000252 0.228475 0.000010 0.517124 0.000010 0.099922
0.200517 0.000010 0.000010 0.285206 0.000010 0.459637 0.000010 0.054600
0.121643 0.000010 0.005415 0.251886 0.000010 0.598185 0.000010 0.022842
0.219666 0.000010 0.000010 0.245573 0.000010 0.458523 0.000010 0.076198
0.381198 0.000010 0.000015 0.190936 0.000010 0.387120 0.000010 0.040701
0.403312 0.000010 0.000010 0.161573 0.000010 0.380255 0.000010 0.054819
0.278745 0.018772 0.000010 0.072518 0.010608 0.370372 0.000010 0.248964
0.280496 0.002601 0.000010 0.048626 0.000010 0.467074 0.001146 0.200036
0.294777 0.000010 0.000010 0.044485 0.000010 0.438096 0.000010 0.222602
0.000010 0.002801 0.000010 0.000010 0.000010 0.997139 0.000010 0.000010
0.000010 0.000010 0.000010 0.999930 0.000010 0.000010 0.000010 0.000010
0.347865 0.000010 0.000010 0.131063 0.000010 0.425003 0.000010 0.096029
0.339992 0.000010 0.000010 0.150799 0.000010 0.409481 0.000010 0.099688
0.445363 0.000010 0.000010 0.175159 0.000010 0.379428 0.000010 0.000010
0.000010 0.000010 0.000010 0.000010 0.000010 0.000010 0.999930 0.000010
0.000010 0.000010 0.000010 0.000010 0.000010 0.000010 0.999930 0.000010
0.000010 0.000010 0.000010 0.000010 0.000010 0.000010 0.999930 0.000010
0.999930 0.000010 0.000010 0.000010 0.000010 0.000010 0.000010 0.000010
0.999930 0.000010 0.000010 0.000010 0.000010 0.000010 0.000010 0.000010
0.772276 0.000010 0.000010 0.038857 0.000010 0.188817 0.000010 0.000010
0.999930 0.000010 0.000010 0.000010 0.000010 0.000010 0.000010 0.000010
0.999930 0.000010 0.000010 0.000010 0.000010 0.000010 0.000010 0.000010
0.999930 0.000010 0.000010 0.000010 0.000010 0.000010 0.000010 0.000010
0.999930 0.000010 0.000010 0.000010 0.000010 0.000010 0.000010 0.000010
0.999930 0.000010 0.000010 0.000010 0.000010 0.000010 0.000010 0.000010
0.703191 0.000010 0.000010 0.072257 0.000010 0.224502 0.000010 0.000010
0.999930 0.000010 0.000010 0.000010 0.000010 0.000010 0.000010 0.000010
0.999930 0.000010 0.000010 0.000010 0.000010 0.000010 0.000010 0.000010
0.999930 0.000010 0.000010 0.000010 0.000010 0.000010 0.000010 0.000010
0.999930 0.000010 0.000010 0.000010 0.000010 0.000010 0.000010 0.000010
0.999930 0.000010 0.000010 0.000010 0.000010 0.000010 0.000010 0.000010
0.999930 0.000010 0.000010 0.000010 0.000010 0.000010 0.000010 0.000010
0.999930 0.000010 0.000010 0.000010 0.000010 0.000010 0.000010 0.000010
0.999930 0.000010 0.000010 0.000010 0.000010 0.000010 0.000010 0.000010
0.999930 0.000010 0.000010 0.000010 0.000010 0.000010 0.000010 0.000010
0.999930 0.000010 0.000010 0.000010 0.000010 0.000010 0.000010 0.000010
0.999930 0.000010 0.000010 0.000010 0.000010 0.000010 0.000010 0.000010
0.270267 0.000010 0.000010 0.123833 0.000010 0.398079 0.000010 0.207780
0.258563 0.004331 0.000010 0.098709 0.000010 0.395438 0.000010 0.242930
0.000010 0.051181 0.000010 0.000010 0.000010 0.000010 0.000010 0.948759
0.000017 0.587693 0.000010 0.000019 0.149420 0.000016 0.000010 0.262814
0.000018 0.616167 0.000010 0.000010 0.101006 0.000010 0.000010 0.282769
0.144906 0.000010 0.000020 0.268865 0.000010 0.498389 0.000010 0.087791
0.163311 0.000010 0.005342 0.277980 0.000010 0.463832 0.000010 0.089504
0.312158 0.000010 0.000010 0.218822 0.000010 0.408160 0.000010 0.060819
0.305104 0.000010 0.000010 0.189776 0.000010 0.409130 0.000010 0.095950
0.323645 0.000011 0.000010 0.235499 0.000010 0.355947 0.000010 0.084868
0.340984 0.000010 0.000010 0.190348 0.000010 0.392150 0.000010 0.076478
0.344934 0.000010 0.000010 0.191643 0.000010 0.377740 0.000010 0.085643
0.000010 0.212136 0.081647 0.000010 0.274187 0.061302 0.000010 0.370698
0.000010 0.215919 0.072928 0.000010 0.271556 0.055001 0.006784 0.377792
0.000010 0.217046 0.068649 0.000010 0.283949 0.055092 0.008420 0.366824
0.000010 0.226244 0.074408 0.000010 0.277873 0.044365 0.005198 0.371892
0.000010 0.000010 0.000010 0.000010 0.999930 0.000010 0.000010 0.000010
0.000010 0.000010 0.000010 0.000010 0.999930 0.000010 0.000010 0.000010
0.000010 0.041539 0.000010 0.000010 0.958401 0.000010 0.000010 0.000010
0.000010 0.000010 0.999930 0.000010 0.000010 0.000010 0.000010 0.000010
0.000010 0.000010 0.999927 0.000010 0.000013 0.000010 0.000010 0.000010
0.000010 0.000010 0.000010 0.000010 0.000010 0.000010 0.000010 0.999930
0.000010 0.000010 0.999930 0.000010 0.000010 0.000010 0.000010 0.000010
0.000010 0.000010 0.000017 0.000010 0.962544 0.000010 0.037389 0.000010
0.000010 0.000010 0.000010 0.000010 0.999930 0.000010 0.000010 0.000010
0.000010 0.000010 0.000010 0.000010 0.999930 0.000010 0.000010 0.000010
0.000010 0.074370 0.060787 0.000010 0.788477 0.000010 0.025409 0.050928
0.000010 0.000010 0.000010 0.000010 0.999930 0.000010 0.000010 0.000010
0.000010 0.000010 0.000010 0.000010 0.999930 0.000010 0.000010 0.000010
0.000010 0.000010 0.000010 0.000010 0.999930 0.000010 0.000010 0.000010
0.000010 0.000010 0.000010 0.000010 0.999930 0.000010 0.000010 0.000010
0.000010 0.000010 0.000010 0.000010 0.999930 0.000010 0.000010 0.000010
0.000010 0.000010 0.000010 0.000010 0.991553 0.000013 0.008385 0.000010
0.000010 0.000010 0.000010 0.000010 0.999930 0.000010 0.000010 0.000010
0.000010 0.063837 0.108628 0.000010 0.625914 0.000010 0.201581 0.000010
0.000010 0.000010 0.000010 0.000010 0.999930 0.000010 0.000010 0.000010
0.000010 0.000010 0.000010 0.000010 0.999929 0.000010 0.000011 0.000010
0.000010 0.000010 0.000010 0.000010 0.999930 0.000010 0.000010 0.000010
0.000010 0.000010 0.999930 0.000010 0.000010 0.000010 0.000010 0.000010
0.000010 0.000010 0.999928 0.000010 0.000012 0.000010 0.000010 0.000010
0.000010 0.000010 0.999930 0.000010 0.000010 0.000010 0.000010 0.000010
0.000010 0.000010 0.000010 0.000010 0.000010 0.000010 0.000010 0.999930
0.000010 0.000010 0.000010 0.000010 0.000010 0.000010 0.000010 0.999930
0.000010 0.000010 0.999930 0.000010 0.000010 0.000010 0.000010 0.000010
0.000010 0.000010 0.000010 0.000010 0.999930 0.000010 0.000010 0.000010
0.000010 0.000010 0.000010 0.000010 0.999930 0.000010 0.000010 0.000010
0.000010 0.011712 0.000010 0.000010 0.938408 0.000010 0.049830 0.000010
0.000010 0.000010 0.000010 0.000010 0.936100 0.000010 0.063840 0.000010
0.000010 0.008407 0.000010 0.000010 0.991533 0.000010 0.000010 0.000010
0.000010 0.000010 0.000010 0.000010 0.999930 0.000010 0.000010 0.000010
0.000010 0.466597 0.080591 0.000010 0.443785 0.000010 0.008988 0.000010
0.008809 0.106964 0.000010 0.012631 0.041471 0.308503 0.000010 0.521603
0.000010 0.000010 0.000010 0.000010 0.000010 0.000010 0.000010 0.999930
0.000010 0.000010 0.000010 0.000010 0.000010 0.000010 0.000010 0.999930
0.000010 0.680870 0.016687 0.000010 0.179801 0.000010 0.000010 0.122603
0.000010 0.697251 0.017225 0.000010 0.145158 0.000010 0.014585 0.125750
0.000010 0.999930 0.000010 0.000010 0.000010 0.000010 0.000010 0.000010
0.000010 0.702084 0.010672 0.000010 0.166055 0.000010 0.000010 0.121148
0.000010 0.474067 0.056043 0.000011 0.469838 0.000010 0.000010 0.000010
0.000010 0.476417 0.057340 0.000010 0.466193 0.000010 0.000010 0.000010
0.000010 0.411410 0.057396 0.000010 0.427487 0.000010 0.026116 0.077561
0.000010 0.393636 0.062555 0.000010 0.443461 0.000010 0.013996 0.086322
0.000012 0.386712 0.059827 0.000010 0.430071 0.000010 0.023931 0.099427
0.000010 0.339802 0.055331 0.000010 0.518035 0.000010 0.014770 0.072034
0.267837 0.000010 0.000010 0.105647 0.000010 0.379067 0.000010 0.247408
0.000010 0.000010 0.051959 0.005161 0.000010 0.428227 0.000010 0.514613
0.000010 0.462084 0.000010 0.000012 0.221476 0.000010 0.000010 0.316388
0.000011 0.573145 0.000010 0.000012 0.163593 0.000010 0.000010 0.263209
0.266430 0.000010 0.000010 0.094789 0.000010 0.391509 0.000010 0.247232
0.215311 0.047170 0.000010 0.069145 0.004202 0.351048 0.000010 0.313104
0.286139 0.000010 0.000010 0.098265 0.000010 0.374626 0.000010 0.240930
0.077349 0.097307 0.000010 0.027086 0.034858 0.291621 0.000010 0.471759
0.000018 0.566641 0.000010 0.000010 0.163432 0.000010 0.000010 0.269869
0.000010 0.385729 0.059622 0.000010 0.457659 0.000010 0.017740 0.079220
0.000010 0.387509 0.061241 0.000010 0.446522 0.000010 0.015369 0.089328
0.000010 0.390935 0.059216 0.000010 0.425032 0.000010 0.022577 0.102210
0.000020 0.493552 0.036457 0.000010 0.444179 0.000010 0.025762 0.000010
0.130725 0.000010 0.000010 0.150232 0.000010 0.450822 0.000010 0.268180
0.000010 0.999930 0.000010 0.000010 0.000010 0.000010 0.000010 0.000010
0.000010 0.999930 0.000010 0.000010 0.000010 0.000010 0.000010 0.000010
0.000010 0.999930 0.000010 0.000010 0.000010 0.000010 0.000010 0.000010
0.000010 0.999920 0.000010 0.000010 0.000020 0.000010 0.000010 0.000010
0.000010 0.999930 0.000010 0.000010 0.000010 0.000010 0.000010 0.000010
0.000010 0.999930 0.000010 0.000010 0.000010 0.000010 0.000010 0.000010
0.000010 0.999930 0.000010 0.000010 0.000010 0.000010 0.000010 0.000010
0.000010 0.631464 0.015988 0.000010 0.207120 0.000010 0.006566 0.138833
0.000010 0.133491 0.000010 0.000010 0.000010 0.000010 0.000010 0.866449
0.063260 0.091825 0.000010 0.032135 0.052872 0.297474 0.000010 0.462414
0.053608 0.076211 0.000010 0.049321 0.043829 0.328988 0.000010 0.448023
0.045744 0.101541 0.000010 0.026109 0.072259 0.269930 0.000010 0.484398
0.000010 0.133932 0.000010 0.000010 0.016311 0.000010 0.000010 0.849707
0.177690 0.000010 0.000010 0.110846 0.000010 0.404735 0.000010 0.306688
0.328187 0.000010 0.000010 0.112395 0.000010 0.431538 0.000010 0.127840
0.126858 0.068461 0.000010 0.039407 0.041251 0.306377 0.000010 0.417625
0.000010 0.999930 0.000010 0.000010 0.000010 0.000010 0.000010 0.000010
0.000012 0.564786 0.000010 0.000010 0.168973 0.000010 0.000010 0.266189
0.215959 0.000283 0.000010 0.065260 0.000178 0.405469 0.000010 0.312832
0.000010 0.350951 0.000010 0.000010 0.179330 0.000010 0.000010 0.469669
0.000010 0.611084 0.000010 0.000010 0.118630 0.000010 0.000010 0.270235
0.126220 0.000010 0.011086 0.127736 0.000010 0.483948 0.000010 0.250980
0.052478 0.000010 0.026993 0.122548 0.000010 0.474314 0.000010 0.323637
0.167092 0.000010 0.000010 0.109363 0.000010 0.407467 0.000010 0.316039
0.136346 0.000010 0.000010 0.111157 0.000010 0.433258 0.000010 0.319199
0.000010 0.356819 0.062917 0.000010 0.479816 0.000010 0.017036 0.083381
0.083946 0.000010 0.000010 0.585490 0.000010 0.330514 0.000010 0.000010
0.217292 0.000010 0.001545 0.323274 0.000010 0.422181 0.000010 0.035678
0.000010 0.000010 0.000010 0.999930 0.000010 0.000010 0.000010 0.000010
0.134297 0.001575 0.000010 0.440616 0.000010 0.423472 0.000010 0.000010
0.123836 0.000016 0.003293 0.443611 0.000010 0.408061 0.000010 0.021163
0.000010 0.000010 0.000010 0.999930 0.000010 0.000010 0.000010 0.000010
0.112595 0.000010 0.000010 0.443441 0.000010 0.443914 0.000010 0.000010
0.000010 0.000010 0.000010 0.999930 0.000010 0.000010 0.000010 0.000010
0.161469 0.000010 0.000010 0.448564 0.000010 0.385791 0.000010 0.004136
0.154075 0.000010 0.000010 0.463965 0.000010 0.380362 0.000010 0.001558
0.160566 0.000010 0.000010 0.355868 0.000010 0.466765 0.000530 0.016242
0.000010 0.000016 0.000014 0.659327 0.000014 0.340598 0.000010 0.000010
0.052777 0.000010 0.000010 0.691824 0.000010 0.255348 0.000010 0.000010
0.117332 0.000015 0.000013 0.452407 0.000019 0.430194 0.000010 0.000010
0.198282 0.000010 0.000010 0.289786 0.000010 0.426792 0.000010 0.085100
0.204350 0.000010 0.000010 0.339012 0.000010 0.417426 0.000010 0.039173
0.000010 0.000010 0.000010 0.999930 0.000010 0.000010 0.000010 0.000010
0.000010 0.000010 0.000010 0.999930 0.000010 0.000010 0.000010 0.000010
0.186483 0.000010 0.000010 0.367635 0.000010 0.413841 0.000010 0.032001
