0.000010 0.000012 0.999968 0.000010
0.000010 0.000010 0.999970 0.000010
0.000010 0.000010 0.999970 0.000010
0.000010 0.000010 0.999970 0.000010
0.058577 0.539423 0.021521 0.380479
0.060503 0.536121 0.017888 0.385487
0.064646 0.526299 0.032312 0.376743
0.000010 0.652360 0.000010 0.347620
0.000010 0.626638 0.000010 0.373342
0.000010 0.722042 0.000010 0.277938
0.000010 0.710720 0.000010 0.289260
0.000010 0.714491 0.000010 0.285489
0.063300 0.565898 0.013487 0.357314
0.056628 0.541849 0.023955 0.377568
0.063108 0.524088 0.021364 0.391440
0.078645 0.506611 0.024401 0.390343
0.083255 0.510650 0.027388 0.378706
0.047325 0.429987 0.013181 0.509507
0.065053 0.471214 0.016650 0.447083
0.053031 0.408976 0.016630 0.521363
0.047057 0.453368 0.019413 0.480163
0.045507 0.461325 0.023464 0.469704
0.047042 0.428263 0.020085 0.504609
0.036273 0.370120 0.017798 0.575809
0.008021 0.418022 0.009544 0.564413
0.011561 0.430752 0.006493 0.551194
0.008768 0.436432 0.006358 0.548442
0.000010 0.657073 0.000010 0.342907
0.056149 0.550445 0.027057 0.366349
0.074009 0.517897 0.020058 0.388037
0.000010 0.582283 0.005421 0.412286
0.000010 0.573797 0.008949 0.417244
0.000010 0.590401 0.007338 0.402251
0.001947 0.568215 0.007622 0.422216
0.006170 0.613897 0.025812 0.354120
0.000010 0.678924 0.000010 0.321056
0.000010 0.649844 0.005990 0.344156
0.000010 0.640720 0.000010 0.359260
0.005102 0.633795 0.005675 0.355428
0.000010 0.708593 0.000010 0.291387
0.000010 0.622587 0.009050 0.368352
0.005098 0.620835 0.008476 0.365590
0.007056 0.620973 0.022595 0.349376
0.002749 0.598547 0.000150 0.398553
0.000010 0.633975 0.005203 0.360812
0.004382 0.579565 0.011949 0.404103
0.001510 0.469157 0.000010 0.529324
0.009096 0.451295 0.000010 0.539599
0.094015 0.506513 0.030714 0.368758
0.059496 0.518405 0.021427 0.400673
0.067490 0.520273 0.014860 0.397377
0.070621 0.552481 0.010266 0.366632
0.000010 0.712806 0.000010 0.287174
0.012997 0.495330 0.008542 0.483131
0.013975 0.502062 0.008369 0.475594
0.000010 0.399638 0.000010 0.600342
0.000010 0.000010 0.999970 0.000010
0.004817 0.000013 0.995160 0.000010
0.000010 0.000010 0.999970 0.000010
0.000010 0.000010 0.000010 0.999970
0.000010 0.000010 0.000010 0.999970
0.000010 0.160034 0.000010 0.839946
0.000010 0.000010 0.000010 0.999970
0.000010 0.000010 0.000010 0.999970
0.000010 0.000010 0.000010 0.999970
0.000010 0.000010 0.000010 0.999970
0.000010 0.000010 0.000010 0.999970
0.000010 0.215055 0.000010 0.784925
0.000010 0.000010 0.000010 0.999970
0.000010 0.000010 0.000010 0.999970
0.000010 0.000010 0.000010 0.999970
0.000010 0.000010 0.000010 0.999970
0.000010 0.000010 0.000010 0.999970
0.000010 0.000010 0.000010 0.999970
0.000010 0.000010 0.000010 0.999970
0.000010 0.000010 0.000010 0.999970
0.000010 0.000010 0.000010 0.999970
0.000010 0.000010 0.000010 0.999970
0.000010 0.000010 0.000010 0.999970
0.051296 0.547377 0.017305 0.384022
0.073584 0.547730 0.018051 0.360635
0.319120 0.566581 0.114289 0.000010
0.972634 0.027346 0.000010 0.000010
0.983340 0.016640 0.000010 0.000010
0.003002 0.636610 0.015373 0.345015
0.006741 0.616978 0.022188 0.354093
0.004448 0.521233 0.000010 0.474309
0.013254 0.533286 0.003415 0.450045
0.011331 0.516631 0.000010 0.472028
0.009378 0.497696 0.006030 0.486895
0.006152 0.498255 0.008787 0.486807
0.471587 0.273380 0.255022 0.000010
0.477993 0.269062 0.252935 0.000010
0.482158 0.262076 0.255756 0.000010
0.489452 0.255322 0.255215 0.000010
0.539493 0.000010 0.460487 0.000010
0.552106 0.000010 0.447874 0.000010
0.566604 0.000010 0.433376 0.000010
0.000010 0.000015 0.999965 0.000010
0.000010 0.000010 0.999970 0.000010
0.069856 0.578385 0.351749 0.000010
0.000010 0.000013 0.999967 0.000010
0.509811 0.000010 0.490169 0.000010
0.538505 0.000014 0.461471 0.000010
0.553486 0.000010 0.446494 0.000010
0.529285 0.008568 0.462137 0.000010
0.523496 0.000010 0.476484 0.000010
0.555055 0.000010 0.444925 0.000010
0.551936 0.000010 0.448044 0.000010
0.540575 0.000010 0.459405 0.000010
0.527212 0.000010 0.472768 0.000010
0.530337 0.000016 0.469638 0.000010
0.539728 0.000018 0.460243 0.000010
0.421985 0.000010 0.577995 0.000010
0.528973 0.000010 0.471007 0.000010
0.550256 0.000010 0.449724 0.000010
0.532886 0.000011 0.467093 0.000010
0.000010 0.000010 0.999970 0.000010
0.000010 0.000013 0.999967 0.000010
0.000010 0.000011 0.999969 0.000010
0.061066 0.585313 0.353612 0.000010
0.068137 0.579602 0.352251 0.000010
0.000010 0.000011 0.999969 0.000010
0.538628 0.000010 0.461352 0.000010
0.542269 0.000015 0.457706 0.000010
0.530440 0.000010 0.469540 0.000010
0.493453 0.000010 0.506527 0.000010
0.550278 0.005121 0.444591 0.000010
0.550846 0.000010 0.449134 0.000010
0.737379 0.000010 0.262601 0.000010
0.283750 0.623850 0.074145 0.018255
0.303611 0.631347 0.065032 0.000010
0.285004 0.645294 0.069692 0.000010
0.882888 0.026825 0.090277 0.000010
0.883740 0.025471 0.090779 0.000010
0.999970 0.000010 0.000010 0.000010
0.901921 0.022494 0.075574 0.000010
0.762397 0.000010 0.237583 0.000010
0.762094 0.000010 0.237886 0.000010
0.714875 0.000010 0.285105 0.000010
0.703996 0.007528 0.288466 0.000010
0.689044 0.024725 0.286222 0.000010
0.681882 0.005682 0.312426 0.000010
0.059307 0.553728 0.023937 0.363028
0.033219 0.781852 0.184919 0.000010
0.799874 0.121140 0.078976 0.000010
0.962943 0.037037 0.000010 0.000010
0.061111 0.546730 0.027464 0.364694
0.137907 0.538297 0.035182 0.288614
0.060403 0.536135 0.022781 0.380681
0.253717 0.583320 0.066630 0.096333
0.952987 0.046993 0.000010 0.000010
0.705562 0.000010 0.294418 0.000010
0.700910 0.008110 0.290970 0.000010
0.697228 0.018972 0.283789 0.000010
0.756333 0.000010 0.243647 0.000010
0.053191 0.653409 0.039297 0.254103
0.999970 0.000010 0.000010 0.000010
0.999970 0.000010 0.000010 0.000010
0.999970 0.000010 0.000010 0.000010
0.999970 0.000010 0.000010 0.000010
0.999970 0.000010 0.000010 0.000010
0.999970 0.000010 0.000010 0.000010
0.999970 0.000010 0.000010 0.000010
0.844359 0.040997 0.114634 0.000010
0.355050 0.524076 0.120864 0.000010
0.255397 0.586011 0.072989 0.085604
0.225897 0.605614 0.073398 0.095091
0.285987 0.581342 0.082316 0.050355
0.344096 0.501883 0.154011 0.000010
0.069366 0.620312 0.036641 0.273681
0.024635 0.509617 0.011488 0.454260
0.208424 0.557743 0.067910 0.165923
0.999970 0.000010 0.000010 0.000010
0.955173 0.044807 0.000010 0.000010
0.086757 0.582610 0.032371 0.298262
0.634925 0.251263 0.113802 0.000010
0.995214 0.004766 0.000010 0.000010
0.022738 0.665300 0.067900 0.244062
0.019369 0.719499 0.111131 0.150002
0.072333 0.626542 0.040917 0.260208
0.078189 0.647733 0.035807 0.238271
0.682127 0.007171 0.310692 0.000010
0.000010 0.647289 0.000010 0.352691
0.002880 0.578882 0.000010 0.418228
0.000010 0.715140 0.000010 0.284840
0.000010 0.622709 0.000010 0.377271
0.000010 0.646275 0.000010 0.353705
0.000010 0.688080 0.000010 0.311900
0.000010 0.643406 0.000010 0.356574
0.000010 0.727450 0.000010 0.272530
0.000010 0.609174 0.000010 0.390806
0.000010 0.615465 0.000010 0.384515
0.000010 0.613199 0.000010 0.386781
0.000010 0.666668 0.000010 0.333312
0.000010 0.657774 0.000010 0.342206
0.000010 0.635503 0.000010 0.364477
0.007772 0.601446 0.007591 0.383191
0.000010 0.592427 0.000010 0.407553
0.000010 0.654331 0.000010 0.345649
0.000010 0.685066 0.000010 0.314914
0.000010 0.603288 0.000010 0.396692
