0.000010 0.000010 0.999980
0.000010 0.000010 0.999980
0.000010 0.000010 0.999980
0.000010 0.000010 0.999980
0.069395 0.880391 0.050214
0.071048 0.882732 0.046220
0.075505 0.864535 0.059960
0.000010 0.965959 0.034031
0.000010 0.968277 0.031713
0.000010 0.969080 0.030910
0.000010 0.983369 0.016621
0.000010 0.976972 0.023018
0.075167 0.880810 0.044023
0.068262 0.879568 0.052170
0.073758 0.877777 0.048465
0.088599 0.860215 0.051186
0.093787 0.852168 0.054044
0.053599 0.912905 0.033496
0.073616 0.886085 0.040299
0.059440 0.905821 0.034739
0.054777 0.904264 0.040959
0.053246 0.900600 0.046154
0.054218 0.905995 0.039787
0.040838 0.926083 0.033079
0.014184 0.957782 0.028034
0.017762 0.955653 0.026585
0.015980 0.958123 0.025897
0.007530 0.955087 0.037383
0.067473 0.876451 0.056075
0.085046 0.868323 0.046630
0.011024 0.951338 0.037638
0.011891 0.948488 0.039621
0.010431 0.948970 0.040599
0.014205 0.948683 0.037112
0.021122 0.921037 0.057841
0.008106 0.947858 0.044035
0.015482 0.941786 0.042732
0.011090 0.954503 0.034407
0.019478 0.940411 0.040111
0.008958 0.952048 0.038994
0.012620 0.942626 0.044754
0.019876 0.938255 0.041868
0.020806 0.922557 0.056637
0.016156 0.951045 0.032799
0.015024 0.945288 0.039689
0.016892 0.940625 0.042483
0.009744 0.968490 0.021766
0.016626 0.962783 0.020591
0.104711 0.837669 0.057621
0.069854 0.881911 0.048234
0.077862 0.879843 0.042296
0.082070 0.878005 0.039925
0.000010 0.973336 0.026654
0.022608 0.945065 0.032327
0.022966 0.944231 0.032802
0.000010 0.986709 0.013281
0.000010 0.000010 0.999980
0.000010 0.000010 0.999980
0.000010 0.000010 0.999980
0.000010 0.999980 0.000010
0.000010 0.999980 0.000010
0.000010 0.999980 0.000010
0.000010 0.999980 0.000010
0.000010 0.999980 0.000010
0.000010 0.999980 0.000010
0.000010 0.999980 0.000010
0.000010 0.999980 0.000010
0.000010 0.999980 0.000010
0.000010 0.999980 0.000010
0.000010 0.999980 0.000010
0.000010 0.999980 0.000010
0.000010 0.999980 0.000010
0.000010 0.999980 0.000010
0.000010 0.999980 0.000010
0.000010 0.999980 0.000010
0.000010 0.999980 0.000010
0.000010 0.999980 0.000010
0.000010 0.999980 0.000010
0.000010 0.999980 0.000010
0.061862 0.891229 0.046909
0.085145 0.867537 0.047318
0.339011 0.504004 0.156985
0.999980 0.000010 0.000010
0.999980 0.000010 0.000010
0.019289 0.932338 0.048373
0.021951 0.924533 0.053515
0.017967 0.960602 0.021431
0.023843 0.946382 0.029775
0.027810 0.956358 0.015833
0.018765 0.951195 0.030040
0.015600 0.951880 0.032520
0.487152 0.234224 0.278624
0.493309 0.229789 0.276903
0.497476 0.223517 0.279008
0.503697 0.218584 0.277719
0.540353 0.000010 0.459637
0.552778 0.000010 0.447212
0.567600 0.000010 0.432390
0.000010 0.000010 0.999980
0.000010 0.000010 0.999980
0.108170 0.490882 0.400947
0.000010 0.000010 0.999980
0.510778 0.000010 0.489212
0.539579 0.000010 0.460411
0.554547 0.000010 0.445443
0.533421 0.000010 0.466569
0.524658 0.000010 0.475332
0.556216 0.000010 0.443774
0.553194 0.000010 0.446796
0.541859 0.000010 0.458131
0.528148 0.000010 0.471842
0.531565 0.000010 0.468425
0.540804 0.000010 0.459186
0.422840 0.000010 0.577150
0.529881 0.000010 0.470109
0.551139 0.000010 0.448851
0.533970 0.000010 0.466020
0.000010 0.000010 0.999980
0.000010 0.000010 0.999980
0.000010 0.000010 0.999980
0.101354 0.496517 0.402129
0.108121 0.487822 0.404057
0.000010 0.000010 0.999980
0.539628 0.000010 0.460362
0.543579 0.000010 0.456411
0.531502 0.000010 0.468488
0.494193 0.000010 0.505797
0.553531 0.000010 0.446459
0.552237 0.000010 0.447753
0.738955 0.000010 0.261035
0.300558 0.584618 0.114824
0.319564 0.568950 0.111486
0.300917 0.582826 0.116257
0.896500 0.006854 0.096645
0.896588 0.006092 0.097319
0.999980 0.000010 0.000010
0.914964 0.004097 0.080939
0.764037 0.000010 0.235953
0.763830 0.000010 0.236160
0.716617 0.000010 0.283373
0.709140 0.000010 0.290850
0.698400 0.008099 0.293502
0.685858 0.000010 0.314132
0.070692 0.875334 0.053974
0.069201 0.704871 0.225927
0.812880 0.091273 0.095847
0.999980 0.000010 0.000010
0.072109 0.870988 0.056903
0.150702 0.784221 0.065077
0.071210 0.877233 0.051557
0.269517 0.625970 0.104513
0.993202 0.006788 0.000010
0.707646 0.000010 0.292344
0.706155 0.000010 0.293835
0.704764 0.005442 0.289794
0.757267 0.000010 0.242723
0.068690 0.854823 0.076487
0.999980 0.000010 0.000010
0.999980 0.000010 0.000010
0.999980 0.000010 0.000010
0.999980 0.000010 0.000010
0.999980 0.000010 0.000010
0.999980 0.000010 0.000010
0.999980 0.000010 0.000010
0.855816 0.019905 0.124279
0.374828 0.463975 0.161197
0.272001 0.617264 0.110735
0.242277 0.646620 0.111104
0.302954 0.577364 0.119682
0.363758 0.442471 0.193771
0.083902 0.844372 0.071726
0.033692 0.929492 0.036816
0.224359 0.674793 0.100848
0.999980 0.000010 0.000010
0.995782 0.004208 0.000010
0.100371 0.835976 0.063653
0.651499 0.208927 0.139575
0.999980 0.000010 0.000010
0.040684 0.854189 0.105127
0.042667 0.808007 0.149326
0.087425 0.836387 0.076189
0.094966 0.833013 0.072022
0.686896 0.000010 0.313094
0.008349 0.971022 0.020629
0.017571 0.954771 0.027658
0.005326 0.977636 0.017038
0.014520 0.962998 0.022482
0.013801 0.952208 0.033991
0.000010 0.975661 0.024329
0.005662 0.968805 0.025534
0.000010 0.982244 0.017746
0.009578 0.963948 0.026473
0.003165 0.967867 0.028969
0.009814 0.956028 0.034158
0.007383 0.970148 0.022469
0.003526 0.970365 0.026109
0.012830 0.966562 0.020608
0.021622 0.939031 0.039347
0.006668 0.958167 0.035165
0.006997 0.968318 0.024685
0.005459 0.973051 0.021491
0.020235 0.959918 0.019847
