0.000010 0.999920 0.000010 0.000010 0.000010 0.000010 0.000010 0.000010 0.000010
0.000010 0.510642 0.000010 0.000010 0.000015 0.000010 0.000011 0.000010 0.489282
0.000010 0.955970 0.000010 0.000011 0.000010 0.000010 0.043959 0.000010 0.000010
0.000010 0.999920 0.000010 0.000010 0.000010 0.000010 0.000010 0.000010 0.000010
0.000010 0.000010 0.000010 0.000010 0.000010 0.000010 0.000010 0.999920 0.000010
0.000010 0.000010 0.000010 0.000010 0.000010 0.000010 0.000010 0.999920 0.000010
0.197250 0.002653 0.048476 0.032476 0.048049 0.120054 0.000010 0.542075 0.008956
0.077147 0.000010 0.000010 0.000010 0.376313 0.381291 0.000010 0.165199 0.000010
0.101649 0.000010 0.000010 0.000010 0.363117 0.357300 0.000010 0.177884 0.000010
0.000010 0.000010 0.000010 0.000010 0.999920 0.000010 0.000010 0.000010 0.000010
0.000010 0.000010 0.000010 0.000010 0.999920 0.000010 0.000010 0.000010 0.000010
0.000010 0.000010 0.000010 0.000010 0.999920 0.000010 0.000010 0.000010 0.000010
0.000010 0.000010 0.000010 0.000010 0.000010 0.000010 0.000010 0.999920 0.000010
0.000010 0.000010 0.000010 0.000010 0.000010 0.000010 0.000010 0.999920 0.000010
0.212593 0.000819 0.044812 0.036564 0.070612 0.115472 0.000010 0.519107 0.000010
0.219555 0.003052 0.045526 0.048333 0.044425 0.112735 0.003078 0.522911 0.000387
0.215229 0.000010 0.050697 0.050227 0.046877 0.089634 0.000010 0.537891 0.009425
0.363775 0.000010 0.027042 0.018814 0.035493 0.079756 0.000011 0.475089 0.000010
0.291280 0.000010 0.045259 0.028185 0.049449 0.090522 0.007531 0.487753 0.000010
0.382506 0.000448 0.019444 0.023286 0.043529 0.067089 0.002432 0.455379 0.005886
0.320154 0.001565 0.030358 0.023157 0.048280 0.106480 0.000010 0.469987 0.000010
0.316902 0.007112 0.035107 0.015664 0.057673 0.070409 0.000010 0.497113 0.000010
0.365707 0.003213 0.036285 0.018753 0.054521 0.070823 0.000010 0.449335 0.001354
0.446030 0.005916 0.011667 0.018221 0.045465 0.062915 0.000010 0.409764 0.000010
0.391737 0.000010 0.000010 0.000010 0.070799 0.148559 0.000010 0.388855 0.000010
0.385141 0.000010 0.009292 0.000010 0.076683 0.141539 0.000010 0.387305 0.000010
0.375808 0.000010 0.000010 0.000010 0.083617 0.131659 0.000010 0.408865 0.000010
0.064479 0.000010 0.000010 0.000010 0.332834 0.392675 0.000010 0.209962 0.000010
0.000010 0.000010 0.000010 0.000010 0.000010 0.000010 0.000010 0.999920 0.000010
0.215703 0.000010 0.051814 0.040352 0.040008 0.152799 0.000010 0.491793 0.007511
0.183792 0.000010 0.017743 0.000010 0.148934 0.391751 0.000010 0.257741 0.000010
0.185029 0.000010 0.004038 0.000010 0.116057 0.401730 0.000010 0.293107 0.000010
0.163017 0.000010 0.013723 0.000010 0.119512 0.439344 0.000010 0.264364 0.000010
0.205772 0.000010 0.026335 0.000010 0.145229 0.354400 0.000010 0.268223 0.000010
0.132028 0.002950 0.057225 0.000010 0.123081 0.402847 0.000010 0.281839 0.000010
0.000010 0.000010 0.000010 0.000010 0.000010 0.999920 0.000010 0.000010 0.000010
0.000010 0.000010 0.000010 0.000010 0.000010 0.999920 0.000010 0.000010 0.000010
0.000010 0.000012 0.000010 0.000010 0.000010 0.999918 0.000010 0.000010 0.000010
0.120557 0.000010 0.038119 0.000010 0.174554 0.422491 0.000010 0.244238 0.000010
0.000010 0.000012 0.000010 0.000010 0.000010 0.999918 0.000010 0.000010 0.000010
0.124753 0.000010 0.031289 0.000010 0.168147 0.418018 0.000010 0.257753 0.000010
0.117411 0.000010 0.023456 0.000010 0.159640 0.450179 0.000010 0.249274 0.000010
0.115930 0.000094 0.050730 0.000010 0.130203 0.426874 0.000010 0.276139 0.000010
0.164687 0.000010 0.017070 0.000010 0.189602 0.381309 0.000010 0.247292 0.000010
0.000010 0.000010 0.000010 0.000010 0.000010 0.999920 0.000010 0.000010 0.000010
0.183150 0.000010 0.029646 0.000010 0.151952 0.383484 0.000010 0.251728 0.000010
0.342052 0.000010 0.000010 0.000010 0.132940 0.230251 0.000010 0.294707 0.000010
0.360637 0.000010 0.000010 0.000010 0.099833 0.235385 0.000010 0.304095 0.000010
0.212443 0.000010 0.065528 0.050043 0.033045 0.150019 0.002934 0.462927 0.023052
0.213522 0.000571 0.041095 0.024210 0.019925 0.123155 0.000010 0.577502 0.000010
0.215243 0.000010 0.043918 0.028590 0.022057 0.095785 0.000010 0.594377 0.000010
0.000010 0.000010 0.000010 0.000010 0.000010 0.000010 0.000010 0.999920 0.000010
0.000010 0.000010 0.000010 0.000010 0.999920 0.000010 0.000010 0.000010 0.000010
0.296884 0.000010 0.023694 0.000010 0.061859 0.256913 0.000010 0.360611 0.000010
0.286597 0.000011 0.020285 0.000010 0.085548 0.226745 0.000010 0.380784 0.000010
0.421153 0.000010 0.000010 0.000010 0.117310 0.259875 0.000010 0.201611 0.000010
0.000010 0.506640 0.000010 0.000010 0.000010 0.000017 0.000010 0.000010 0.493283
0.000010 0.516399 0.000010 0.000010 0.000010 0.000010 0.000010 0.000010 0.483531
0.000011 0.505992 0.000010 0.000010 0.000010 0.000010 0.000011 0.000010 0.493936
0.999920 0.000010 0.000010 0.000010 0.000010 0.000010 0.000010 0.000010 0.000010
0.999917 0.000010 0.000010 0.000010 0.000010 0.000010 0.000010 0.000013 0.000010
0.756206 0.000010 0.000010 0.000010 0.021267 0.114451 0.000010 0.108025 0.000010
0.999915 0.000012 0.000010 0.000010 0.000010 0.000013 0.000010 0.000010 0.000010
0.999917 0.000011 0.000010 0.000011 0.000010 0.000010 0.000010 0.000010 0.000010
0.999920 0.000010 0.000010 0.000010 0.000010 0.000010 0.000010 0.000010 0.000010
0.999920 0.000010 0.000010 0.000010 0.000010 0.000010 0.000010 0.000010 0.000010
0.999920 0.000010 0.000010 0.000010 0.000010 0.000010 0.000010 0.000010 0.000010
0.686014 0.000010 0.000012 0.000010 0.046548 0.147124 0.000010 0.120262 0.000010
0.999920 0.000010 0.000010 0.000010 0.000010 0.000010 0.000010 0.000010 0.000010
0.999920 0.000010 0.000010 0.000010 0.000010 0.000010 0.000010 0.000010 0.000010
0.999920 0.000010 0.000010 0.000010 0.000010 0.000010 0.000010 0.000010 0.000010
0.999920 0.000010 0.000010 0.000010 0.000010 0.000010 0.000010 0.000010 0.000010
0.999920 0.000010 0.000010 0.000010 0.000010 0.000010 0.000010 0.000010 0.000010
0.999920 0.000010 0.000010 0.000010 0.000010 0.000010 0.000010 0.000010 0.000010
0.999920 0.000010 0.000010 0.000010 0.000010 0.000010 0.000010 0.000010 0.000010
0.999915 0.000010 0.000010 0.000010 0.000010 0.000013 0.000012 0.000010 0.000010
0.999920 0.000010 0.000010 0.000010 0.000010 0.000010 0.000010 0.000010 0.000010
0.999920 0.000010 0.000010 0.000010 0.000010 0.000010 0.000010 0.000010 0.000010
0.999920 0.000010 0.000010 0.000010 0.000010 0.000010 0.000010 0.000010 0.000010
0.203799 0.000010 0.059394 0.022785 0.072392 0.192877 0.000010 0.448722 0.000010
0.183004 0.000010 0.061518 0.027636 0.043333 0.182008 0.010592 0.488031 0.003868
0.000010 0.006985 0.172575 0.188015 0.000010 0.000010 0.050334 0.471940 0.110121
0.000011 0.000010 0.000010 0.999919 0.000010 0.000010 0.000010 0.000010 0.000010
0.000011 0.000010 0.000010 0.999919 0.000010 0.000010 0.000010 0.000010 0.000010
0.000010 0.000010 0.000010 0.000010 0.000010 0.999911 0.000019 0.000010 0.000010
0.129762 0.003859 0.047786 0.000010 0.183464 0.381711 0.000010 0.253388 0.000010
0.271486 0.000010 0.013081 0.000011 0.144280 0.282888 0.000010 0.288223 0.000010
0.257207 0.000010 0.028173 0.000010 0.117366 0.259549 0.000010 0.337666 0.000010
0.284627 0.000010 0.033802 0.000010 0.146701 0.280608 0.000010 0.254222 0.000010
0.294314 0.000010 0.017439 0.000010 0.118955 0.254570 0.000010 0.314682 0.000010
0.302497 0.000010 0.025551 0.000010 0.123875 0.235393 0.000010 0.312644 0.000010
0.000010 0.095253 0.110085 0.216128 0.000010 0.000010 0.105550 0.201649 0.271306
0.000010 0.094190 0.095073 0.222350 0.000010 0.000010 0.106560 0.207704 0.274093
0.000010 0.090041 0.099130 0.226028 0.000010 0.000010 0.102260 0.198234 0.284276
0.000010 0.093273 0.094757 0.224660 0.000010 0.000010 0.113144 0.196030 0.278105
0.000010 0.000010 0.000010 0.000010 0.000010 0.000010 0.000010 0.000010 0.999919
0.000010 0.000010 0.000010 0.000010 0.000010 0.000010 0.000010 0.000010 0.999920
0.000010 0.000010 0.000010 0.055961 0.000010 0.000010 0.031348 0.000010 0.912631
0.000012 0.999918 0.000010 0.000010 0.000010 0.000010 0.000010 0.000010 0.000010
0.000010 0.999919 0.000010 0.000010 0.000010 0.000011 0.000010 0.000010 0.000010
0.000010 0.000010 0.999920 0.000010 0.000010 0.000010 0.000010 0.000010 0.000010
0.000012 0.999918 0.000010 0.000010 0.000010 0.000010 0.000010 0.000010 0.000010
0.000010 0.000010 0.000010 0.000010 0.000010 0.000010 0.000010 0.000010 0.999920
0.000010 0.000010 0.000010 0.000010 0.000010 0.000010 0.000010 0.000010 0.999920
0.000010 0.000010 0.000010 0.000010 0.000010 0.000010 0.000010 0.000010 0.999920
0.000010 0.069486 0.024346 0.078052 0.000011 0.000010 0.029026 0.000010 0.799049
0.000010 0.000010 0.000010 0.000010 0.000010 0.000010 0.000010 0.000010 0.999920
0.000010 0.000010 0.000010 0.000010 0.000010 0.000012 0.000010 0.000010 0.999918
0.000010 0.000010 0.000010 0.037047 0.000011 0.000010 0.000010 0.000010 0.962882
0.000010 0.000010 0.000010 0.000010 0.000010 0.000010 0.000010 0.000010 0.999920
0.000011 0.000010 0.000010 0.000016 0.000010 0.000010 0.000010 0.000010 0.999913
0.000010 0.000010 0.000010 0.000010 0.000010 0.000010 0.000010 0.000010 0.999920
0.000010 0.000010 0.000010 0.000010 0.000010 0.000010 0.000010 0.000010 0.999920
0.000010 0.213765 0.000010 0.008378 0.000010 0.000010 0.048176 0.000010 0.729631
0.000010 0.000010 0.000010 0.000010 0.000010 0.000010 0.000010 0.000010 0.999920
0.000010 0.000010 0.000010 0.000010 0.000010 0.000010 0.000010 0.000010 0.999920
0.000010 0.000010 0.000010 0.000010 0.000010 0.000010 0.000010 0.000010 0.999920
0.000011 0.999919 0.000010 0.000010 0.000010 0.000010 0.000010 0.000010 0.000010
0.000014 0.999916 0.000010 0.000010 0.000010 0.000010 0.000010 0.000010 0.000010
0.000010 0.999920 0.000010 0.000010 0.000010 0.000010 0.000010 0.000010 0.000010
0.000010 0.000010 0.999919 0.000011 0.000010 0.000010 0.000010 0.000010 0.000010
0.000010 0.000010 0.999920 0.000010 0.000010 0.000010 0.000010 0.000010 0.000010
0.000011 0.999919 0.000010 0.000010 0.000010 0.000010 0.000010 0.000010 0.000010
0.000010 0.000010 0.000010 0.000010 0.000010 0.000010 0.000010 0.000010 0.999920
0.000010 0.000010 0.000010 0.000010 0.000010 0.000010 0.000010 0.000010 0.999920
0.000010 0.000010 0.000010 0.015031 0.000010 0.000010 0.000010 0.000010 0.984899
0.000014 0.001663 0.000010 0.000010 0.000010 0.000014 0.000010 0.000010 0.998258
0.000010 0.000010 0.000010 0.069657 0.000010 0.000010 0.000010 0.000010 0.930273
0.000010 0.000010 0.000010 0.000010 0.000010 0.000010 0.000010 0.000010 0.999920
0.000010 0.069208 0.000010 0.127915 0.000010 0.000010 0.368827 0.000010 0.434000
0.000010 0.000010 0.149004 0.173379 0.000010 0.048650 0.039339 0.516253 0.073345
0.000010 0.000010 0.151234 0.179681 0.000010 0.000010 0.046727 0.553759 0.068559
0.000010 0.000010 0.149248 0.184008 0.000010 0.000010 0.025575 0.572718 0.068411
0.000010 0.013162 0.040066 0.229102 0.000011 0.000010 0.541197 0.000010 0.176432
0.000011 0.030936 0.030804 0.241763 0.000010 0.000010 0.551842 0.000010 0.144614
0.000010 0.000010 0.000010 0.000010 0.000010 0.000010 0.999920 0.000010 0.000010
0.000010 0.005859 0.040450 0.225832 0.000010 0.000010 0.565725 0.000010 0.162094
0.000010 0.031160 0.000010 0.126501 0.000010 0.000010 0.376832 0.000010 0.465456
0.000011 0.034772 0.000010 0.129753 0.000010 0.000010 0.377852 0.000010 0.457573
0.000010 0.079951 0.014212 0.171551 0.000010 0.000010 0.305367 0.000010 0.428880
0.000010 0.077413 0.021140 0.192465 0.000010 0.000010 0.275509 0.000010 0.433433
0.000010 0.078138 0.033304 0.174086 0.000010 0.000010 0.282053 0.000630 0.431759
0.000010 0.065210 0.023932 0.149273 0.000010 0.000010 0.255896 0.000010 0.505649
0.192006 0.000010 0.074644 0.030522 0.051291 0.169733 0.000010 0.481774 0.000010
0.000010 0.000010 0.999920 0.000010 0.000010 0.000010 0.000010 0.000010 0.000010
0.000010 0.000010 0.000010 0.999920 0.000010 0.000010 0.000010 0.000010 0.000010
0.000010 0.000010 0.000010 0.999920 0.000010 0.000010 0.000010 0.000010 0.000010
0.190690 0.000010 0.066707 0.033274 0.045143 0.167991 0.000010 0.494507 0.001667
0.142235 0.000010 0.089779 0.077831 0.031447 0.133205 0.017091 0.485821 0.022580
0.213386 0.000010 0.069950 0.030916 0.044821 0.148601 0.000010 0.492297 0.000010
0.000010 0.000010 0.143360 0.151461 0.000010 0.079094 0.036282 0.530236 0.059538
0.000010 0.000010 0.000010 0.999920 0.000010 0.000010 0.000010 0.000010 0.000010
0.000012 0.076757 0.014220 0.187942 0.000010 0.000010 0.269743 0.000010 0.451296
0.000010 0.075014 0.028438 0.164216 0.000010 0.000010 0.288207 0.000010 0.444085
0.000010 0.080273 0.028778 0.194870 0.000010 0.000010 0.272224 0.000010 0.423814
0.000012 0.035308 0.000010 0.061059 0.000010 0.000010 0.437920 0.000010 0.465661
0.051105 0.001241 0.103572 0.022065 0.058564 0.315916 0.003180 0.439566 0.004791
0.000010 0.000010 0.000010 0.000010 0.000010 0.000010 0.999920 0.000010 0.000010
0.000010 0.000010 0.000010 0.000010 0.000010 0.000010 0.999920 0.000010 0.000010
0.000010 0.000010 0.000010 0.000010 0.000010 0.000010 0.999920 0.000010 0.000010
0.000010 0.000010 0.000010 0.000010 0.000010 0.000010 0.999920 0.000010 0.000010
0.000010 0.000010 0.000010 0.000010 0.000010 0.000010 0.999920 0.000010 0.000010
0.000010 0.000010 0.000010 0.000010 0.000010 0.000010 0.999920 0.000010 0.000010
0.000010 0.000011 0.000010 0.000010 0.000010 0.000010 0.999919 0.000010 0.000010
0.000010 0.025467 0.043757 0.240095 0.000010 0.000010 0.486552 0.000010 0.204090
0.000010 0.009977 0.154605 0.213917 0.000010 0.000010 0.048683 0.438803 0.133987
0.000010 0.000010 0.136733 0.148368 0.000010 0.050187 0.033920 0.557527 0.073234
0.000010 0.000010 0.137818 0.135964 0.000010 0.128388 0.021308 0.505000 0.071492
0.000010 0.000010 0.140296 0.179329 0.000010 0.040971 0.025459 0.519229 0.094685
0.000010 0.031935 0.157586 0.187297 0.000010 0.000010 0.055909 0.410799 0.156444
0.094422 0.000013 0.100260 0.032565 0.046426 0.223518 0.000010 0.491869 0.010918
0.267220 0.000010 0.029957 0.000010 0.056451 0.203391 0.000010 0.442941 0.000010
0.033918 0.000010 0.121589 0.128335 0.005075 0.109298 0.018193 0.521611 0.061971
0.000015 0.000010 0.000011 0.000010 0.000010 0.000010 0.999914 0.000010 0.000010
0.000016 0.000010 0.000010 0.999914 0.000010 0.000010 0.000010 0.000010 0.000010
0.129630 0.000010 0.087055 0.038359 0.011714 0.187164 0.000010 0.525446 0.020612
0.000010 0.002081 0.090006 0.448295 0.000010 0.000010 0.103694 0.172081 0.183813
0.000011 0.000013 0.000010 0.999916 0.000010 0.000010 0.000010 0.000010 0.000010
0.073555 0.017051 0.148901 0.002423 0.025693 0.354444 0.000010 0.377913 0.000010
0.001166 0.019563 0.251342 0.000010 0.032257 0.337929 0.000010 0.357713 0.000010
0.082247 0.000010 0.112035 0.038875 0.042759 0.217045 0.004605 0.499967 0.002458
0.052029 0.000010 0.114294 0.036712 0.040047 0.252321 0.000010 0.491933 0.012644
0.000010 0.079182 0.020706 0.173980 0.000010 0.000010 0.251609 0.000010 0.474483
0.061101 0.000010 0.000010 0.000010 0.524014 0.414825 0.000010 0.000010 0.000010
0.186348 0.000010 0.005250 0.000010 0.225997 0.350238 0.000010 0.232126 0.000010
0.000010 0.000010 0.000010 0.000010 0.999920 0.000010 0.000010 0.000010 0.000010
0.000010 0.000010 0.000010 0.000010 0.000010 0.999920 0.000010 0.000010 0.000010
0.096299 0.000010 0.008193 0.000010 0.334085 0.383772 0.000010 0.177611 0.000010
0.000010 0.000010 0.000010 0.000010 0.686586 0.313344 0.000010 0.000010 0.000010
0.095347 0.000010 0.000010 0.000010 0.328554 0.375006 0.000010 0.201043 0.000010
0.000010 0.000010 0.000010 0.000010 0.999920 0.000010 0.000010 0.000010 0.000010
0.139028 0.000010 0.002449 0.000010 0.320656 0.376475 0.000010 0.161352 0.000010
0.136234 0.000010 0.000010 0.000011 0.337636 0.378231 0.000010 0.147848 0.000010
0.000010 0.000010 0.000010 0.000010 0.000010 0.999920 0.000010 0.000010 0.000010
0.000010 0.000010 0.000010 0.000010 0.565122 0.434808 0.000010 0.000010 0.000010
0.000010 0.000010 0.000010 0.000010 0.999920 0.000010 0.000010 0.000010 0.000010
0.103067 0.000010 0.000010 0.000011 0.319216 0.431186 0.000010 0.146480 0.000010
0.151712 0.000012 0.027018 0.000010 0.180734 0.364184 0.000010 0.276310 0.000010
0.170345 0.000010 0.012408 0.000010 0.225803 0.397121 0.000010 0.194283 0.000010
0.074810 0.000010 0.000010 0.000010 0.531811 0.393319 0.000010 0.000010 0.000010
0.000010 0.000010 0.000010 0.000010 0.643117 0.356813 0.000010 0.000010 0.000010
0.157379 0.000010 0.003626 0.000010 0.242572 0.392455 0.000010 0.203928 0.000010
