0.000010 0.000010 0.000010 0.000010 0.999940 0.000010 0.000010
0.000010 0.000010 0.000010 0.000010 0.999940 0.000010 0.000010
0.000010 0.000010 0.000010 0.000010 0.999940 0.000010 0.000010
0.000010 0.000010 0.000010 0.000010 0.999940 0.000010 0.000010
0.032719 0.667627 0.074452 0.000010 0.002247 0.202099 0.020847
0.036271 0.646523 0.083074 0.000010 0.000010 0.207029 0.027082
0.048480 0.591486 0.099502 0.000010 0.005792 0.215904 0.038827
0.000010 0.323593 0.574822 0.000010 0.000010 0.101545 0.000010
0.000010 0.323527 0.549621 0.000010 0.000010 0.126812 0.000010
0.000010 0.000010 0.999940 0.000010 0.000010 0.000010 0.000010
0.000010 0.000010 0.999940 0.000010 0.000010 0.000010 0.000010
0.000010 0.000010 0.999940 0.000010 0.000010 0.000010 0.000010
0.000010 0.999940 0.000010 0.000010 0.000010 0.000010 0.000010
0.000010 0.999940 0.000010 0.000010 0.000010 0.000010 0.000010
0.045686 0.560156 0.124858 0.000013 0.000010 0.230107 0.039169
0.062533 0.563373 0.094346 0.000522 0.000010 0.238899 0.040318
0.069063 0.573858 0.085519 0.000010 0.000010 0.229900 0.041640
0.027015 0.503653 0.070240 0.000010 0.000010 0.377966 0.021107
0.035150 0.521839 0.089462 0.008596 0.000010 0.305871 0.039073
0.037926 0.475676 0.075804 0.001531 0.002664 0.394310 0.012088
0.031009 0.512993 0.096000 0.000010 0.002146 0.335209 0.022633
0.027845 0.516833 0.093018 0.000010 0.004281 0.329192 0.028821
0.030621 0.474126 0.088168 0.000010 0.002462 0.376544 0.028070
0.026281 0.429332 0.075070 0.000010 0.002377 0.457128 0.009801
0.000010 0.449453 0.139170 0.000010 0.000010 0.411337 0.000010
0.000010 0.447163 0.143870 0.000010 0.000010 0.402406 0.006532
0.000010 0.463689 0.144967 0.000010 0.000010 0.391304 0.000010
0.000010 0.370263 0.538045 0.000010 0.000010 0.091652 0.000010
0.000010 0.999940 0.000010 0.000010 0.000010 0.000010 0.000010
0.056686 0.552306 0.109000 0.000010 0.000010 0.237391 0.044597
0.000014 0.445688 0.327695 0.000010 0.000010 0.212527 0.014057
0.000019 0.486119 0.301291 0.000010 0.000010 0.212486 0.000065
0.000010 0.480719 0.317951 0.000010 0.000010 0.192198 0.009103
0.000010 0.433903 0.312614 0.000010 0.000010 0.231454 0.021999
0.000010 0.484110 0.298495 0.000010 0.000122 0.162480 0.054774
0.000010 0.541056 0.415135 0.000010 0.000010 0.043769 0.000010
0.000010 0.510792 0.375339 0.000010 0.000010 0.105805 0.008033
0.000010 0.536083 0.355075 0.000010 0.000010 0.108802 0.000010
0.000010 0.438319 0.375069 0.000010 0.000010 0.151383 0.035199
0.000010 0.568970 0.430980 0.000010 0.000010 0.000010 0.000010
0.000010 0.459060 0.357194 0.000010 0.000010 0.156106 0.027610
0.000010 0.468390 0.364625 0.000010 0.000010 0.148680 0.018275
0.000010 0.480855 0.324624 0.000010 0.000010 0.147586 0.046906
0.000010 0.429484 0.364861 0.000010 0.000010 0.192372 0.013252
0.000018 0.481126 0.363278 0.000010 0.000010 0.141501 0.014056
0.000010 0.436259 0.328764 0.000010 0.000010 0.209792 0.025154
0.000010 0.396263 0.242459 0.000010 0.000010 0.361238 0.000010
0.000010 0.409734 0.208497 0.000010 0.000010 0.381729 0.000010
0.080025 0.529390 0.097264 0.000891 0.000010 0.231680 0.060741
0.034879 0.632386 0.067520 0.000014 0.000010 0.232175 0.033015
0.038485 0.636574 0.056656 0.000010 0.000010 0.232321 0.035944
0.000010 0.999940 0.000010 0.000010 0.000010 0.000010 0.000010
0.000010 0.000010 0.999940 0.000010 0.000010 0.000010 0.000010
0.000010 0.482434 0.175854 0.000010 0.000010 0.322673 0.019009
0.000010 0.485099 0.193381 0.000010 0.000010 0.306218 0.015272
0.000010 0.319305 0.240862 0.000010 0.000010 0.439793 0.000010
0.000010 0.000010 0.000010 0.000010 0.999940 0.000010 0.000010
0.000010 0.000010 0.000010 0.000010 0.999940 0.000010 0.000010
0.000010 0.000010 0.000010 0.000010 0.999940 0.000010 0.000010
0.000010 0.000010 0.000010 0.000010 0.000010 0.999940 0.000010
0.000010 0.000010 0.000010 0.000010 0.000010 0.999940 0.000010
0.000010 0.163481 0.074716 0.000010 0.000010 0.761763 0.000010
0.000010 0.000010 0.000010 0.000010 0.000010 0.999940 0.000010
0.000010 0.000010 0.000010 0.000010 0.000010 0.999940 0.000010
0.000010 0.000010 0.000010 0.000010 0.000010 0.999940 0.000010
0.000010 0.000010 0.000010 0.000010 0.000010 0.999940 0.000010
0.000010 0.000010 0.000010 0.000010 0.000010 0.999940 0.000010
0.000010 0.188997 0.113897 0.000010 0.000010 0.697066 0.000010
0.000010 0.000010 0.000010 0.000010 0.000010 0.999940 0.000010
0.000010 0.000010 0.000010 0.000010 0.000010 0.999940 0.000010
0.000010 0.000010 0.000010 0.000010 0.000010 0.999940 0.000010
0.000010 0.000010 0.000010 0.000010 0.000010 0.999940 0.000010
0.000010 0.000010 0.000010 0.000010 0.000010 0.999940 0.000010
0.000010 0.000010 0.000010 0.000010 0.000010 0.999940 0.000010
0.000010 0.000010 0.000010 0.000010 0.000010 0.999940 0.000010
0.000010 0.000010 0.000010 0.000010 0.000010 0.999940 0.000010
0.000010 0.000010 0.000010 0.000010 0.000010 0.999940 0.000010
0.000010 0.000010 0.000010 0.000010 0.000010 0.999940 0.000010
0.000010 0.000010 0.000010 0.000010 0.000010 0.999940 0.000010
0.029896 0.533361 0.158716 0.000010 0.000010 0.225486 0.052521
0.045757 0.565413 0.124627 0.004971 0.000010 0.204721 0.054501
0.292265 0.470756 0.000010 0.041963 0.021282 0.000010 0.173714
0.999940 0.000010 0.000010 0.000010 0.000010 0.000010 0.000010
0.999940 0.000010 0.000010 0.000010 0.000010 0.000010 0.000010
0.000010 0.461606 0.359116 0.000010 0.000010 0.139109 0.040139
0.000010 0.432171 0.362024 0.000010 0.003602 0.157576 0.044608
0.000010 0.414137 0.282046 0.000010 0.000010 0.294619 0.009168
0.000016 0.461917 0.237871 0.000010 0.000010 0.277415 0.022760
0.000010 0.373263 0.287947 0.000010 0.000010 0.306861 0.031899
0.000010 0.429522 0.239385 0.000010 0.000010 0.316566 0.014497
0.000010 0.418597 0.239043 0.000010 0.000010 0.321958 0.020372
0.417582 0.197891 0.000010 0.093584 0.164206 0.000010 0.126716
0.424217 0.204864 0.000010 0.094822 0.166110 0.000010 0.109966
0.432803 0.193956 0.000010 0.091713 0.166809 0.000010 0.114699
0.426792 0.191327 0.000010 0.101758 0.168980 0.000010 0.111123
0.652723 0.000010 0.000010 0.000010 0.347227 0.000010 0.000010
0.665286 0.000010 0.000010 0.000010 0.334664 0.000010 0.000010
0.650440 0.000019 0.000010 0.017657 0.331855 0.000010 0.000010
0.000010 0.000010 0.000010 0.000010 0.830565 0.000010 0.169385
0.000010 0.000010 0.000010 0.000010 0.827441 0.000010 0.172509
0.000010 0.000010 0.000010 0.000010 0.000010 0.000010 0.999940
0.000010 0.000010 0.000010 0.000010 0.843085 0.000010 0.156865
0.622179 0.000010 0.000010 0.000010 0.377771 0.000010 0.000010
0.658090 0.000010 0.000010 0.000010 0.341860 0.000010 0.000010
0.680631 0.000010 0.000010 0.000010 0.319319 0.000010 0.000010
0.630014 0.000010 0.000010 0.000010 0.369936 0.000010 0.000010
0.656308 0.000010 0.000010 0.000010 0.343642 0.000010 0.000010
0.675946 0.000010 0.000010 0.000010 0.324004 0.000010 0.000010
0.660365 0.000010 0.000010 0.000010 0.339585 0.000010 0.000010
0.652711 0.000010 0.000010 0.000010 0.347239 0.000010 0.000010
0.666117 0.000010 0.000010 0.000010 0.333833 0.000010 0.000010
0.638264 0.000010 0.000010 0.000010 0.361686 0.000010 0.000010
0.654450 0.000010 0.000010 0.000010 0.345500 0.000010 0.000010
0.450376 0.000010 0.000010 0.032325 0.517259 0.000010 0.000010
0.643671 0.000010 0.000010 0.000010 0.356279 0.000010 0.000010
0.678919 0.000010 0.000010 0.000010 0.321031 0.000010 0.000010
0.651546 0.000010 0.000010 0.000010 0.348404 0.000010 0.000010
0.000010 0.000010 0.000010 0.000010 0.836452 0.000010 0.163498
0.000010 0.000010 0.000010 0.000010 0.845000 0.000010 0.154950
0.000010 0.000010 0.000010 0.000010 0.844672 0.000010 0.155278
0.000010 0.000010 0.000010 0.000010 0.000010 0.000010 0.999940
0.000010 0.000010 0.000010 0.000010 0.000010 0.000010 0.999940
0.000010 0.000010 0.000010 0.000010 0.849189 0.000010 0.150761
0.647619 0.000010 0.000010 0.000010 0.352331 0.000010 0.000010
0.651904 0.000010 0.000010 0.000010 0.348046 0.000010 0.000010
0.627878 0.000010 0.000010 0.000010 0.372072 0.000010 0.000010
0.601050 0.000010 0.000010 0.000010 0.398900 0.000010 0.000010
0.656702 0.000010 0.000010 0.000010 0.343248 0.000010 0.000010
0.659486 0.000010 0.000010 0.000010 0.340464 0.000010 0.000010
0.433465 0.000010 0.000010 0.345114 0.221380 0.000010 0.000010
0.257831 0.563863 0.000010 0.028504 0.000010 0.000010 0.149772
0.269580 0.552466 0.000010 0.032281 0.000010 0.000010 0.145643
0.270670 0.571273 0.000010 0.013168 0.000010 0.000010 0.144859
0.382972 0.000010 0.000010 0.522572 0.040424 0.000010 0.054002
0.371925 0.000010 0.000010 0.529334 0.048845 0.000010 0.049866
0.000010 0.000010 0.000010 0.999940 0.000010 0.000010 0.000010
0.367820 0.000010 0.000010 0.547940 0.030617 0.000010 0.053593
0.460393 0.000010 0.000010 0.344314 0.195253 0.000010 0.000010
0.455827 0.000010 0.000010 0.348020 0.196113 0.000010 0.000010
0.472646 0.000010 0.000010 0.287145 0.225507 0.000010 0.014672
0.492318 0.000010 0.000010 0.261471 0.220989 0.000010 0.025191
0.471301 0.000010 0.000010 0.266485 0.225857 0.000010 0.036327
0.517572 0.000015 0.000013 0.222572 0.243634 0.000010 0.016184
0.037646 0.556783 0.127288 0.000010 0.000010 0.210567 0.067696
0.000010 0.000010 0.000010 0.000010 0.000010 0.000010 0.999940
0.906361 0.000010 0.000010 0.000010 0.000010 0.000010 0.093589
0.999940 0.000010 0.000010 0.000010 0.000010 0.000010 0.000010
0.042891 0.571554 0.113961 0.000010 0.000010 0.211620 0.059954
0.112262 0.545255 0.086738 0.011312 0.000010 0.159604 0.084819
0.036615 0.548280 0.114747 0.000010 0.000010 0.233925 0.066413
0.224476 0.606062 0.000010 0.024841 0.000010 0.000010 0.144590
0.999940 0.000010 0.000010 0.000010 0.000010 0.000010 0.000010
0.506832 0.000010 0.000010 0.250221 0.227247 0.000010 0.015670
0.477972 0.000010 0.000010 0.269337 0.220938 0.000010 0.031722
0.486617 0.000010 0.000010 0.258470 0.219944 0.000010 0.034938
0.379591 0.000010 0.000010 0.412874 0.207494 0.000010 0.000010
0.031653 0.577791 0.203724 0.002550 0.000010 0.083585 0.100687
0.000010 0.000010 0.000010 0.999940 0.000010 0.000010 0.000010
0.000010 0.000010 0.000010 0.999940 0.000010 0.000010 0.000010
0.000010 0.000010 0.000010 0.999940 0.000010 0.000010 0.000010
0.000010 0.000010 0.000010 0.999940 0.000010 0.000010 0.000010
0.000010 0.000010 0.000010 0.999940 0.000010 0.000010 0.000010
0.000010 0.000010 0.000010 0.999940 0.000010 0.000010 0.000010
0.000010 0.000010 0.000010 0.999940 0.000010 0.000010 0.000010
0.406796 0.000010 0.000010 0.469542 0.067736 0.000010 0.055895
0.333139 0.437704 0.000010 0.040403 0.032237 0.000010 0.156497
0.233128 0.605332 0.000010 0.024512 0.000010 0.000010 0.136998
0.211740 0.590310 0.042574 0.015731 0.000010 0.000010 0.139625
0.279876 0.559172 0.000010 0.017205 0.000010 0.000010 0.143717
0.319160 0.409196 0.000010 0.046625 0.061784 0.000010 0.163215
0.050506 0.593785 0.143474 0.000010 0.000010 0.118122 0.094092
0.001547 0.546046 0.144027 0.000010 0.000010 0.287276 0.021084
0.199011 0.577773 0.037502 0.011693 0.000010 0.051927 0.122084
0.000010 0.000010 0.000010 0.999940 0.000010 0.000010 0.000010
0.999940 0.000010 0.000010 0.000010 0.000010 0.000010 0.000010
0.066876 0.609366 0.092436 0.000010 0.000010 0.151989 0.079313
0.614782 0.167423 0.000010 0.093530 0.011181 0.000010 0.113064
0.999940 0.000010 0.000010 0.000010 0.000010 0.000010 0.000010
0.000919 0.545076 0.189609 0.000010 0.011768 0.101423 0.151195
0.000010 0.493832 0.194904 0.000010 0.010766 0.042232 0.258247
0.052507 0.594080 0.138522 0.000010 0.000010 0.106990 0.107881
0.055510 0.605380 0.154044 0.000010 0.000010 0.077597 0.107449
0.511800 0.000010 0.000010 0.225106 0.241701 0.000010 0.021363
0.000010 0.000010 0.999940 0.000010 0.000010 0.000010 0.000010
0.000010 0.393048 0.397274 0.000010 0.000010 0.208397 0.001251
0.000010 0.000010 0.999940 0.000010 0.000010 0.000010 0.000010
0.000010 0.320213 0.531230 0.000010 0.000010 0.148517 0.000010
0.000010 0.342869 0.530149 0.000010 0.000010 0.122167 0.004785
0.000010 0.000010 0.999940 0.000010 0.000010 0.000010 0.000010
0.000010 0.361503 0.520477 0.000010 0.000010 0.117980 0.000010
0.000010 0.000010 0.999940 0.000010 0.000010 0.000010 0.000010
0.000010 0.324753 0.509818 0.000010 0.000010 0.164711 0.000688
0.000010 0.306609 0.536056 0.000010 0.000010 0.157294 0.000010
0.000010 0.384839 0.441402 0.000010 0.000010 0.167878 0.005851
0.000010 0.000010 0.999940 0.000010 0.000010 0.000010 0.000010
0.000010 0.000010 0.999940 0.000010 0.000010 0.000010 0.000010
0.000010 0.345204 0.526066 0.000010 0.000010 0.128690 0.000010
0.000010 0.436272 0.357216 0.000010 0.000010 0.180897 0.025585
0.000010 0.365360 0.422660 0.000010 0.000010 0.200137 0.011814
0.000010 0.228515 0.666462 0.000010 0.000010 0.104983 0.000010
0.000010 0.000010 0.999940 0.000010 0.000010 0.000010 0.000010
0.000010 0.388653 0.430677 0.000010 0.000010 0.180629 0.000010
