0.183044 0.000010 0.000010 0.000010 0.816916 0.000010
0.999949 0.000011 0.000010 0.000011 0.000010 0.000010
0.187180 0.000010 0.000010 0.048427 0.764363 0.000010
0.170542 0.000010 0.000010 0.000010 0.829418 0.000010
0.000010 0.035262 0.339427 0.032504 0.034933 0.557864
0.000470 0.043088 0.343894 0.030971 0.024626 0.556951
0.002049 0.050927 0.335172 0.032005 0.032678 0.547169
0.004586 0.000010 0.217634 0.000010 0.000010 0.777750
0.006613 0.000010 0.243065 0.000010 0.000010 0.750291
0.000010 0.000010 0.000010 0.000010 0.000010 0.999950
0.000010 0.000010 0.000010 0.000010 0.000010 0.999950
0.000010 0.000010 0.000010 0.000010 0.000010 0.999950
0.000010 0.048751 0.322248 0.028807 0.023079 0.577106
0.000010 0.054942 0.336355 0.021511 0.025593 0.561589
0.000010 0.037984 0.345677 0.035306 0.032310 0.548712
0.000010 0.049757 0.349231 0.042416 0.031957 0.526630
0.000010 0.059054 0.337810 0.041286 0.031839 0.530000
0.000010 0.027724 0.471577 0.025949 0.022202 0.452538
0.000010 0.027624 0.406763 0.041361 0.031599 0.492643
0.001259 0.038444 0.484325 0.026701 0.016544 0.432727
0.001089 0.032496 0.438532 0.023299 0.026109 0.478475
0.000010 0.029806 0.428140 0.023813 0.033109 0.485122
0.000234 0.035096 0.465536 0.023312 0.023299 0.452522
0.000010 0.025825 0.540054 0.016427 0.024245 0.393438
0.006231 0.008511 0.515322 0.000010 0.014044 0.455883
0.000349 0.005122 0.503310 0.006827 0.019139 0.465253
0.009970 0.000010 0.497817 0.004241 0.012933 0.475029
0.012213 0.000010 0.216963 0.000010 0.000010 0.770794
0.001654 0.038573 0.329239 0.029757 0.035914 0.564862
0.000010 0.058702 0.347242 0.034481 0.021341 0.538224
0.004787 0.000010 0.333423 0.000010 0.021259 0.640512
0.008552 0.000010 0.342111 0.000010 0.019433 0.629884
0.001494 0.000010 0.325859 0.000010 0.025904 0.646722
0.005797 0.000010 0.345701 0.000942 0.021648 0.625902
0.006773 0.000010 0.281996 0.008818 0.040167 0.662236
0.014010 0.000010 0.227566 0.000010 0.007239 0.751166
0.009837 0.000010 0.256343 0.000010 0.018636 0.715164
0.011495 0.000010 0.276266 0.000010 0.003684 0.708535
0.006077 0.001611 0.267916 0.003112 0.021122 0.700162
0.011421 0.000010 0.197233 0.000010 0.001260 0.790066
0.010228 0.000010 0.283833 0.000010 0.019326 0.686593
0.009854 0.002653 0.278313 0.000462 0.020439 0.688279
0.006518 0.006589 0.272475 0.004592 0.033633 0.676193
0.008105 0.000010 0.310609 0.000953 0.012586 0.667737
0.004133 0.000010 0.275680 0.000010 0.024073 0.696093
0.004312 0.002763 0.325578 0.003442 0.024814 0.639091
0.003066 0.000824 0.465453 0.000010 0.010681 0.519966
0.007371 0.000010 0.481908 0.006294 0.007500 0.496916
0.000010 0.073255 0.329131 0.042823 0.030246 0.524535
0.004030 0.038635 0.361476 0.031616 0.026679 0.537565
0.000010 0.045294 0.359256 0.034120 0.024198 0.537122
0.000010 0.050277 0.339175 0.035746 0.017891 0.556902
0.000010 0.000010 0.000010 0.000010 0.000010 0.999950
0.010388 0.000010 0.428995 0.010072 0.016096 0.534440
0.000010 0.013776 0.419963 0.005192 0.020173 0.540887
0.004267 0.000010 0.538504 0.000010 0.000010 0.457199
0.999948 0.000011 0.000010 0.000011 0.000010 0.000010
0.999950 0.000010 0.000010 0.000010 0.000010 0.000010
0.999947 0.000013 0.000010 0.000010 0.000010 0.000010
0.000010 0.000010 0.999950 0.000010 0.000010 0.000010
0.000010 0.000010 0.999948 0.000012 0.000010 0.000010
0.000010 0.000010 0.817361 0.000010 0.000010 0.182599
0.000010 0.000010 0.999949 0.000010 0.000011 0.000010
0.000010 0.000011 0.999949 0.000010 0.000010 0.000010
0.000010 0.000010 0.999950 0.000010 0.000010 0.000010
0.000010 0.000010 0.999948 0.000012 0.000010 0.000010
0.000010 0.000010 0.999950 0.000010 0.000010 0.000010
0.000010 0.000010 0.754046 0.000010 0.000010 0.245914
0.000010 0.000010 0.999950 0.000010 0.000010 0.000010
0.000010 0.000010 0.999949 0.000011 0.000010 0.000010
0.000010 0.000010 0.999950 0.000010 0.000010 0.000010
0.000010 0.000010 0.999950 0.000010 0.000010 0.000010
0.000010 0.000010 0.999950 0.000010 0.000010 0.000010
0.000010 0.000010 0.999950 0.000010 0.000010 0.000010
0.000010 0.000010 0.999950 0.000010 0.000010 0.000010
0.000010 0.000010 0.999950 0.000010 0.000010 0.000010
0.000010 0.000010 0.999950 0.000010 0.000010 0.000010
0.000010 0.000010 0.999950 0.000010 0.000010 0.000010
0.000010 0.000010 0.999950 0.000010 0.000010 0.000010
0.000010 0.034324 0.334466 0.025912 0.030411 0.574877
0.000010 0.047749 0.317720 0.039138 0.027402 0.567981
0.000010 0.211582 0.000010 0.176281 0.084904 0.527212
0.000010 0.421549 0.000010 0.574830 0.000010 0.003591
0.000010 0.403501 0.000010 0.594234 0.000010 0.002234
0.013985 0.005901 0.261700 0.000010 0.018243 0.700161
0.005972 0.010393 0.269868 0.002572 0.030069 0.681124
0.000010 0.000010 0.402460 0.005336 0.014270 0.577914
0.006411 0.007420 0.386594 0.007774 0.011500 0.580301
0.000010 0.000010 0.403060 0.012002 0.013347 0.571571
0.005108 0.005703 0.423435 0.003930 0.016171 0.545653
0.007956 0.000340 0.423301 0.003962 0.017140 0.547300
0.000010 0.376977 0.000010 0.240701 0.137240 0.245062
0.000010 0.380179 0.000010 0.247207 0.131006 0.241588
0.000010 0.390181 0.000010 0.247751 0.126134 0.235914
0.000010 0.384438 0.000010 0.256736 0.129984 0.228822
0.000010 0.999950 0.000010 0.000010 0.000010 0.000010
0.000010 0.999950 0.000010 0.000010 0.000010 0.000010
0.000010 0.973423 0.000010 0.026537 0.000010 0.000010
0.000010 0.000010 0.000010 0.000010 0.999950 0.000010
0.000010 0.000010 0.000010 0.000010 0.999950 0.000010
0.000010 0.072977 0.000010 0.043596 0.372369 0.511038
0.000011 0.000010 0.000010 0.000010 0.999949 0.000010
0.054174 0.945786 0.000010 0.000010 0.000010 0.000010
0.000010 0.999950 0.000010 0.000010 0.000010 0.000010
0.000010 0.999950 0.000010 0.000010 0.000010 0.000010
0.028931 0.829369 0.000010 0.066637 0.075044 0.000010
0.000010 0.999950 0.000010 0.000010 0.000010 0.000010
0.000010 0.999950 0.000010 0.000010 0.000010 0.000010
0.000010 0.999950 0.000010 0.000010 0.000010 0.000010
0.000010 0.999950 0.000010 0.000010 0.000010 0.000010
0.000010 0.999950 0.000010 0.000010 0.000010 0.000010
0.031469 0.968491 0.000010 0.000010 0.000010 0.000010
0.000994 0.998961 0.000015 0.000010 0.000010 0.000010
0.210094 0.629249 0.000015 0.057096 0.103535 0.000010
0.004732 0.995228 0.000010 0.000010 0.000010 0.000010
0.000010 0.999950 0.000010 0.000010 0.000010 0.000010
0.000721 0.999231 0.000010 0.000018 0.000010 0.000010
0.000010 0.000010 0.000010 0.000010 0.999950 0.000010
0.000010 0.000010 0.000010 0.000010 0.999950 0.000010
0.000010 0.000010 0.000010 0.000010 0.999950 0.000010
0.000010 0.070670 0.000010 0.035688 0.378430 0.515192
0.000010 0.065714 0.000010 0.042898 0.382836 0.508532
0.000010 0.000010 0.000010 0.000010 0.999950 0.000010
0.000010 0.999950 0.000010 0.000010 0.000010 0.000010
0.000010 0.999950 0.000010 0.000010 0.000010 0.000010
0.060801 0.939159 0.000010 0.000010 0.000010 0.000010
0.075596 0.924364 0.000010 0.000010 0.000010 0.000010
0.004381 0.995579 0.000010 0.000010 0.000010 0.000010
0.000010 0.999950 0.000010 0.000010 0.000010 0.000010
0.025379 0.462499 0.000010 0.453681 0.058421 0.000010
0.000010 0.179991 0.023689 0.154372 0.061119 0.580820
0.000010 0.188456 0.000010 0.165969 0.055174 0.590381
0.000010 0.188481 0.000580 0.149128 0.058534 0.603267
0.000010 0.261322 0.000010 0.694582 0.043625 0.000451
0.005847 0.232473 0.000010 0.712620 0.049041 0.000010
0.000010 0.000010 0.000010 0.999943 0.000017 0.000010
0.000010 0.246796 0.000010 0.715506 0.037668 0.000010
0.010911 0.497836 0.000010 0.460942 0.030291 0.000010
0.014281 0.490971 0.000010 0.463313 0.031415 0.000010
0.027578 0.482136 0.000010 0.416517 0.073749 0.000010
0.013434 0.502937 0.000010 0.401433 0.082176 0.000010
0.025629 0.487427 0.000010 0.393906 0.077855 0.015173
0.015794 0.572310 0.000010 0.340704 0.071172 0.000010
0.004309 0.040825 0.320058 0.030477 0.029423 0.574908
0.000010 0.045488 0.000010 0.015057 0.214204 0.725230
0.000010 0.429566 0.000010 0.467968 0.004974 0.097472
0.000010 0.424289 0.000010 0.565351 0.000010 0.010329
0.000010 0.043633 0.322522 0.029401 0.038782 0.565651
0.000010 0.085256 0.252679 0.077091 0.035576 0.549389
0.000010 0.029439 0.337942 0.037657 0.038790 0.556162
0.000010 0.160550 0.086631 0.139067 0.055307 0.558435
0.000010 0.423440 0.000010 0.558312 0.000010 0.018218
0.017661 0.514012 0.000010 0.392318 0.075989 0.000010
0.014667 0.503863 0.000010 0.396850 0.084601 0.000010
0.021418 0.488404 0.000010 0.398512 0.082849 0.008807
0.038445 0.458008 0.000010 0.482902 0.020625 0.000010
0.001111 0.035429 0.204031 0.030359 0.054431 0.674639
0.000010 0.000010 0.000010 0.999950 0.000010 0.000010
0.000010 0.000010 0.000010 0.999950 0.000010 0.000010
0.000010 0.000010 0.000010 0.999950 0.000010 0.000010
0.000010 0.000010 0.000010 0.999950 0.000010 0.000010
0.000010 0.000010 0.000019 0.999941 0.000010 0.000010
0.000010 0.000010 0.000010 0.999950 0.000010 0.000010
0.000010 0.000010 0.000010 0.999950 0.000010 0.000010
0.000010 0.296109 0.000010 0.641442 0.045064 0.017365
0.000010 0.249373 0.000010 0.186869 0.078417 0.485321
0.000010 0.171582 0.071605 0.135525 0.055650 0.565627
0.000010 0.152381 0.078673 0.121042 0.060103 0.587791
0.000010 0.200544 0.047826 0.148295 0.054536 0.548790
0.000010 0.254856 0.000010 0.179199 0.102217 0.463708
0.000010 0.054448 0.232023 0.030975 0.049719 0.632826
0.005312 0.026163 0.405166 0.005331 0.016109 0.541920
0.000010 0.145575 0.142455 0.108223 0.053251 0.550487
0.000010 0.000010 0.000010 0.999950 0.000010 0.000010
0.000010 0.426784 0.000010 0.557669 0.000010 0.015517
0.000010 0.076188 0.262319 0.034328 0.035191 0.591965
0.000010 0.365444 0.000010 0.371874 0.039476 0.223186
0.000010 0.408447 0.000010 0.591513 0.000010 0.000010
0.000010 0.012635 0.200248 0.015786 0.095602 0.675719
0.000010 0.022037 0.115318 0.011274 0.137105 0.714257
0.000010 0.047520 0.218889 0.038391 0.057530 0.637660
0.000010 0.060530 0.196420 0.038467 0.044928 0.659645
0.017486 0.532424 0.000010 0.365732 0.084339 0.000010
0.000157 0.000010 0.198593 0.000010 0.000010 0.801220
0.000010 0.000800 0.323620 0.003832 0.014789 0.656949
0.000010 0.000010 0.007903 0.000010 0.000010 0.992057
0.006639 0.000010 0.258413 0.000010 0.000010 0.734917
0.011316 0.000010 0.232297 0.000010 0.002545 0.753822
0.000010 0.000010 0.113890 0.000010 0.000010 0.886070
0.003244 0.000010 0.236890 0.000010 0.000010 0.759836
0.000010 0.000010 0.000010 0.000010 0.000010 0.999950
0.006743 0.000010 0.271628 0.000010 0.000010 0.721599
0.003417 0.000010 0.263652 0.000010 0.000010 0.732901
0.013356 0.000010 0.286494 0.000010 0.000010 0.700120
0.000010 0.000010 0.165402 0.000010 0.000010 0.834558
0.000010 0.000010 0.164300 0.000010 0.000010 0.835660
0.002756 0.000010 0.244460 0.000010 0.000010 0.752754
0.003207 0.000010 0.299904 0.008595 0.023960 0.664323
0.006291 0.000010 0.310130 0.000010 0.009473 0.674086
0.000082 0.000010 0.194743 0.000010 0.000010 0.805144
0.000010 0.000010 0.106469 0.000010 0.000010 0.893491
0.010858 0.000010 0.296809 0.000092 0.000010 0.692221
